['zero', 'one', '1', '3', '2', '4', 'two']
['zero', 'two', 'one']
[('zero', 'two'), ('zero', 'one'), ('one', 'two')]
[0, 0, 0, 0, 0, 0]
[1.0, 0.0, 1.0]
[0.0, 0.0, 0.0]
[2.622736886020811, -1.6148677048470657, 2.6116643141459432]
[0.44317823674396006, 0.3835684873812959, 0.41384771468024617]
[0, 1, 0, 0, 0, 0]
[1.0, 1.0, 1.0]
[0.0, 0.0, 0.0]
[1.9550394929398185, 1.9430662615912653, 1.9580604406262156]
[0.26711980271103863, 0.26310551943306026, 0.2532382710379617]
[1, 0, 0, 0, 0, 0]
[1.0, 0.0, 1.0]
[0.0, 0.0, 0.0]
[-0.17001007239393254, 1.1672923045709012, -0.1868230703567574]
[0.32965005179863605, 0.36425464015955367, 0.35283467333729773]
