['zero', 'one', '1', '3', '2', '4', 'two']
['zero', 'two', 'one']
[('zero', 'two'), ('zero', 'one'), ('one', 'two')]
[0, 0, 0, 0, 0, 0]
[1.0, 0.0, 1.0]
[0.0, 0.0, 0.0]
[0.8894060968551157, 0.10808859453945566, 0.8897861332844222]
[0.10844248995550065, 0.08573656893064521, 0.0890358899633743]
[0, 1, 0, 0, 0, 0]
[1.0, 1.0, 1.0]
[0.0, 0.0, 0.0]
[1.1497356377263255, 1.151367021222659, 1.1557811662429327]
[0.07866706499090004, 0.09654274104329552, 0.0829637420491085]
[1, 0, 0, 0, 0, 0]
[1.0, 0.0, 1.0]
[0.0, 0.0, 0.0]
[0.9500559830796329, 0.04701045298127633, 0.9479184533690825]
[0.07196470251803067, 0.06277450146794167, 0.08364547128977795]
